0, 0,
 0, 1,
0.7071067811865476,0.7071067811865476,
-0.7071067811865475, 0.7071067811865476,
0.9238795325112867,0.3826834323650898,
-0.3826834323650897, 0.9238795325112867,
0.3826834323650898,0.9238795325112867,
-0.9238795325112867, 0.3826834323650899,
0.9807852804032304,0.1950903220161282,
-0.1950903220161282, 0.9807852804032304,
0.5555702330196023,0.8314696123025452,
-0.8314696123025453, 0.5555702330196022,
0.8314696123025452,0.5555702330196022,
-0.555570233019602, 0.8314696123025453,
0.1950903220161283,0.9807852804032304,
-0.9807852804032304, 0.1950903220161286,
0.9951847266721969,0.0980171403295606,
-0.09801714032956065, 0.9951847266721969,
0.6343932841636455,0.7730104533627369,
-0.773010453362737, 0.6343932841636455,
0.881921264348355, 0.4713967368259976,
-0.4713967368259977, 0.881921264348355,
0.2902846772544623,0.9569403357322089,
-0.9569403357322088, 0.2902846772544624,
0.9569403357322088,0.2902846772544623,
-0.2902846772544622, 0.9569403357322089,
0.4713967368259978,0.8819212643483549,
-0.8819212643483549, 0.4713967368259978,
0.773010453362737, 0.6343932841636455,
-0.6343932841636454, 0.7730104533627371,
0.09801714032956077, 0.9951847266721968,
-0.9951847266721968, 0.09801714032956083,
0.9987954562051724,0.04906767432741801,
-0.04906767432741801, 0.9987954562051724,
0.6715589548470183,0.7409511253549591,
-0.7409511253549589, 0.6715589548470186,
0.9039892931234433,0.4275550934302821,
-0.4275550934302819, 0.9039892931234434,
0.3368898533922201,0.9415440651830208,
-0.9415440651830207, 0.3368898533922203,
0.970031253194544, 0.2429801799032639,
-0.2429801799032639, 0.970031253194544,
0.5141027441932217,0.8577286100002721,
-0.857728610000272, 0.5141027441932218,
0.8032075314806449,0.5956993044924334,
-0.5956993044924334, 0.8032075314806449,
0.1467304744553617,0.989176509964781,
-0.989176509964781, 0.1467304744553618,
0.989176509964781, 0.1467304744553617,
-0.1467304744553616, 0.989176509964781,
0.5956993044924335,0.8032075314806448,
-0.8032075314806448, 0.5956993044924335,
0.8577286100002721,0.5141027441932217,
-0.5141027441932216, 0.8577286100002721,
0.242980179903264, 0.970031253194544,
-0.970031253194544, 0.2429801799032641,
0.9415440651830208,0.3368898533922201,
-0.3368898533922199, 0.9415440651830208,
0.4275550934302822,0.9039892931234433,
-0.9039892931234433, 0.427555093430282,
0.7409511253549592,0.6715589548470183,
-0.6715589548470184, 0.740951125354959,
0.04906767432741813, 0.9987954562051724,
-0.9987954562051724, 0.04906767432741797,
0.9996988186962042,0.02454122852291229,
-0.02454122852291214, 0.9996988186962042,
0.6895405447370669,0.7242470829514669,
-0.7242470829514668, 0.6895405447370671,
0.9142097557035307,0.4052413140049899,
-0.4052413140049897, 0.9142097557035307,
0.3598950365349883,0.9329927988347388,
-0.9329927988347388, 0.3598950365349883,
0.9757021300385286,0.2191012401568698,
-0.2191012401568697, 0.9757021300385286,
0.5349976198870973,0.844853565249707,
-0.8448535652497071, 0.5349976198870972,
0.8175848131515837,0.5758081914178453,
-0.5758081914178453, 0.8175848131515837,
0.1709618887603014,0.9852776423889412,
-0.9852776423889412, 0.1709618887603012,
0.99247953459871, 0.1224106751992162,
-0.1224106751992162, 0.99247953459871,
0.6152315905806268,0.7883464276266062,
-0.7883464276266062, 0.6152315905806269,
0.8700869911087115,0.492898192229784,
-0.492898192229784, 0.8700869911087115,
0.2667127574748984,0.9637760657954398,
-0.9637760657954398, 0.2667127574748985,
0.9495281805930367,0.3136817403988915,
-0.3136817403988914, 0.9495281805930367,
0.4496113296546066,0.8932243011955153,
-0.8932243011955152, 0.4496113296546069,
0.7572088465064846,0.6531728429537768,
-0.6531728429537765, 0.7572088465064847,
0.07356456359966745, 0.9972904566786902,
-0.9972904566786902, 0.07356456359966773,
0.9972904566786902,0.07356456359966743,
-0.07356456359966733, 0.9972904566786902,
0.6531728429537769,0.7572088465064846,
-0.7572088465064847, 0.6531728429537766,
0.8932243011955153,0.4496113296546065,
-0.4496113296546067, 0.8932243011955152,
0.3136817403988916,0.9495281805930367,
-0.9495281805930367, 0.3136817403988914,
0.9637760657954398,0.2667127574748984,
-0.2667127574748983, 0.9637760657954398,
0.4928981922297841,0.8700869911087113,
-0.8700869911087113, 0.4928981922297841,
0.7883464276266062,0.6152315905806268,
-0.6152315905806267, 0.7883464276266063,
0.1224106751992163,0.99247953459871,
-0.99247953459871, 0.1224106751992163,
0.9852776423889412,0.1709618887603012,
-0.1709618887603012, 0.9852776423889412,
0.5758081914178453,0.8175848131515837,
-0.8175848131515836, 0.5758081914178454,
0.8448535652497071,0.5349976198870972,
-0.534997619887097, 0.8448535652497072,
0.2191012401568698,0.9757021300385286,
-0.9757021300385285, 0.21910124015687,
0.932992798834739, 0.3598950365349881,
-0.3598950365349882, 0.9329927988347388,
0.4052413140049899,0.9142097557035307,
-0.9142097557035307, 0.4052413140049899,
0.724247082951467, 0.6895405447370668,
-0.6895405447370669, 0.7242470829514669,
0.02454122852291226, 0.9996988186962042,
-0.9996988186962042, 0.02454122852291233,
0.9999247018391445,0.01227153828571993,
-0.01227153828571982, 0.9999247018391445,
0.6983762494089729,0.7157308252838186,
-0.7157308252838186, 0.6983762494089729,
0.9191138516900578,0.3939920400610481,
-0.393992040061048, 0.9191138516900578,
0.3713171939518376,0.9285060804732156,
-0.9285060804732155, 0.3713171939518377,
0.9783173707196277,0.2071113761922186,
-0.2071113761922184, 0.9783173707196277,
0.5453249884220465,0.838224705554838,
-0.8382247055548381, 0.5453249884220464,
0.8245893027850253,0.5657318107836131,
-0.5657318107836132, 0.8245893027850252,
0.1830398879551411,0.9831054874312163,
-0.9831054874312163, 0.1830398879551409,
0.9939069700023561,0.1102222072938831,
-0.1102222072938831, 0.9939069700023561,
0.6248594881423865,0.7807372285720945,
-0.7807372285720945, 0.6248594881423863,
0.8760700941954066,0.4821837720791227,
-0.4821837720791227, 0.8760700941954066,
0.2785196893850531,0.9604305194155658,
-0.9604305194155658, 0.2785196893850532,
0.9533060403541939,0.3020059493192281,
-0.3020059493192281, 0.9533060403541939,
0.46053871095824, 0.8876396204028539,
-0.8876396204028538, 0.4605387109582402,
0.765167265622459, 0.6438315428897914,
-0.6438315428897913, 0.7651672656224591,
0.08579731234443988, 0.996312612182778,
-0.996312612182778, 0.08579731234444016,
0.9981181129001492,0.06132073630220858,
-0.06132073630220853, 0.9981181129001492,
0.6624157775901718,0.7491363945234593,
-0.7491363945234591, 0.662415777590172,
0.8986744656939538,0.4386162385385277,
-0.4386162385385274, 0.8986744656939539,
0.325310292162263, 0.9456073253805213,
-0.9456073253805212, 0.3253102921622633,
0.9669764710448521,0.2548656596045146,
-0.2548656596045145, 0.9669764710448521,
0.5035383837257176,0.8639728561215867,
-0.8639728561215867, 0.5035383837257176,
0.7958369046088836,0.6055110414043255,
-0.6055110414043254, 0.7958369046088836,
0.1345807085071262,0.99090263542778,
-0.99090263542778, 0.1345807085071263,
0.9873014181578584,0.1588581433338614,
-0.1588581433338613, 0.9873014181578584,
0.5857978574564389,0.8104571982525948,
-0.8104571982525947, 0.585797857456439,
0.8513551931052652,0.5245896826784689,
-0.5245896826784687, 0.8513551931052652,
0.2310581082806713,0.9729399522055601,
-0.9729399522055601, 0.2310581082806713,
0.937339011912575, 0.3484186802494346,
-0.3484186802494344, 0.937339011912575,
0.4164295600976373,0.9091679830905223,
-0.9091679830905224, 0.4164295600976372,
0.7326542716724128,0.680600997795453,
-0.680600997795453, 0.7326542716724128,
0.03680722294135899, 0.9993223845883495,
-0.9993223845883495, 0.03680722294135883,
0.9993223845883495,0.03680722294135883,
-0.03680722294135887, 0.9993223845883495,
0.680600997795453, 0.7326542716724128,
-0.7326542716724127, 0.6806009977954532,
0.9091679830905224,0.4164295600976372,
-0.416429560097637, 0.9091679830905225,
0.3484186802494345,0.937339011912575,
-0.9373390119125748, 0.3484186802494348,
0.9729399522055602,0.2310581082806711,
-0.2310581082806711, 0.9729399522055602,
0.5245896826784688,0.8513551931052652,
-0.8513551931052652, 0.5245896826784689,
0.8104571982525948,0.5857978574564389,
-0.5857978574564389, 0.8104571982525948,
0.1588581433338614,0.9873014181578584,
-0.9873014181578584, 0.1588581433338615,
0.99090263542778, 0.1345807085071262,
-0.1345807085071261, 0.99090263542778,
0.6055110414043255,0.7958369046088835,
-0.7958369046088835, 0.6055110414043257,
0.8639728561215867,0.5035383837257176,
-0.5035383837257175, 0.8639728561215868,
0.2548656596045146,0.9669764710448521,
-0.9669764710448521, 0.2548656596045147,
0.9456073253805213,0.3253102921622629,
-0.3253102921622629, 0.9456073253805214,
0.4386162385385277,0.8986744656939538,
-0.8986744656939539, 0.4386162385385275,
0.7491363945234594,0.6624157775901718,
-0.6624157775901719, 0.7491363945234593,
0.06132073630220865, 0.9981181129001492,
-0.9981181129001492, 0.06132073630220849,
0.996312612182778, 0.08579731234443989,
-0.08579731234443976, 0.996312612182778,
0.6438315428897915,0.765167265622459,
-0.765167265622459, 0.6438315428897914,
0.8876396204028539,0.46053871095824,
-0.4605387109582401, 0.8876396204028539,
0.3020059493192282,0.9533060403541938,
-0.9533060403541939, 0.302005949319228,
0.9604305194155658,0.2785196893850531,
-0.2785196893850529, 0.9604305194155659,
0.4821837720791228,0.8760700941954066,
-0.8760700941954065, 0.4821837720791229,
0.7807372285720945,0.6248594881423863,
-0.6248594881423862, 0.7807372285720946,
0.1102222072938832,0.9939069700023561,
-0.9939069700023561, 0.1102222072938832,
0.9831054874312163,0.183039887955141,
-0.1830398879551409, 0.9831054874312163,
0.5657318107836132,0.8245893027850253,
-0.8245893027850251, 0.5657318107836135,
0.8382247055548381,0.5453249884220465,
-0.5453249884220462, 0.8382247055548382,
0.2071113761922186,0.9783173707196277,
-0.9783173707196275, 0.2071113761922188,
0.9285060804732156,0.3713171939518375,
-0.3713171939518375, 0.9285060804732156,
0.3939920400610481,0.9191138516900578,
-0.9191138516900578, 0.3939920400610482,
0.7157308252838187,0.6983762494089728,
-0.6983762494089728, 0.7157308252838187,
0.01227153828571994, 0.9999247018391445,
-0.9999247018391445, 0.01227153828572001,
0.9999811752826011,0.006135884649154475,
-0.006135884649154393, 0.9999811752826011,
0.7027547444572253,0.7114321957452164,
-0.7114321957452165, 0.7027547444572252,
0.9215140393420419,0.3883450466988262,
-0.3883450466988262, 0.921514039342042,
0.3770074102164183,0.9262102421383113,
-0.9262102421383114, 0.3770074102164181,
0.9795697656854405,0.2011046348420919,
-0.2011046348420918, 0.9795697656854405,
0.5504579729366048,0.83486287498638,
-0.83486287498638, 0.5504579729366049,
0.8280450452577558,0.560661576197336,
-0.5606615761973359, 0.8280450452577558,
0.1890686641498063,0.9819638691095552,
-0.9819638691095552, 0.1890686641498064,
0.9945645707342554,0.1041216338720546,
-0.1041216338720546, 0.9945645707342554,
0.6296382389149271,0.7768884656732324,
-0.7768884656732323, 0.6296382389149272,
0.8790122264286335,0.4767992300633221,
-0.4767992300633219, 0.8790122264286335,
0.2844075372112718,0.9587034748958716,
-0.9587034748958715, 0.2844075372112721,
0.9551411683057708,0.2961508882436238,
-0.2961508882436238, 0.9551411683057707,
0.4659764957679661,0.8847970984309378,
-0.8847970984309378, 0.4659764957679662,
0.7691033376455797,0.6391244448637757,
-0.6391244448637757, 0.7691033376455796,
0.0919089564971327,0.9957674144676598,
-0.9957674144676598, 0.09190895649713275,
0.9984755805732948,0.05519524434968993,
-0.05519524434968991, 0.9984755805732948,
0.6669999223036375,0.7450577854414659,
-0.7450577854414659, 0.6669999223036376,
0.901348847046022, 0.433093818853152,
-0.4330938188531519, 0.901348847046022,
0.3311063057598764,0.9435934581619604,
-0.9435934581619604, 0.3311063057598765,
0.9685220942744174,0.2489276057457201,
-0.2489276057457201, 0.9685220942744174,
0.508830142543107, 0.8608669386377673,
-0.8608669386377672, 0.5088301425431073,
0.799537269107905, 0.600616479383869,
-0.6006164793838688, 0.7995372691079052,
0.1406582393328492,0.9900582102622971,
-0.990058210262297, 0.1406582393328495,
0.9882575677307495,0.1527971852584434,
-0.1527971852584433, 0.9882575677307495,
0.5907597018588743,0.8068475535437992,
-0.8068475535437993, 0.5907597018588742,
0.8545579883654005,0.5193559901655896,
-0.5193559901655896, 0.8545579883654005,
0.2370236059943673,0.9715038909862518,
-0.9715038909862518, 0.2370236059943672,
0.9394592236021899,0.3426607173119944,
-0.3426607173119943, 0.9394592236021899,
0.4220002707997998,0.9065957045149153,
-0.9065957045149153, 0.4220002707997998,
0.7368165688773698,0.6760927035753159,
-0.6760927035753158, 0.73681656887737,
0.04293825693494096, 0.9990777277526454,
-0.9990777277526454, 0.04293825693494102,
0.9995294175010931,0.03067480317663663,
-0.03067480317663646, 0.9995294175010931,
0.6850836677727004,0.7284643904482252,
-0.7284643904482252, 0.6850836677727004,
0.9117060320054299,0.4108431710579039,
-0.4108431710579038, 0.9117060320054299,
0.3541635254204905,0.9351835099389475,
-0.9351835099389476, 0.3541635254204904,
0.9743393827855759,0.2250839113597928,
-0.2250839113597927, 0.9743393827855759,
0.5298036246862948,0.8481203448032971,
-0.8481203448032971, 0.5298036246862948,
0.8140363297059484,0.5808139580957645,
-0.5808139580957644, 0.8140363297059485,
0.1649131204899701,0.9863080972445987,
-0.9863080972445986, 0.1649131204899701,
0.9917097536690995,0.1284981107937932,
-0.1284981107937931, 0.9917097536690995,
0.6103828062763095,0.7921065773002123,
-0.7921065773002122, 0.6103828062763097,
0.8670462455156926,0.4982276669727818,
-0.4982276669727816, 0.8670462455156928,
0.2607941179152756,0.9653944416976894,
-0.9653944416976893, 0.2607941179152758,
0.9475855910177411,0.3195020308160157,
-0.3195020308160156, 0.9475855910177412,
0.4441221445704293,0.8959662497561851,
-0.8959662497561851, 0.4441221445704293,
0.7531867990436125,0.6578066932970786,
-0.6578066932970785, 0.7531867990436125,
0.06744391956366411, 0.9977230666441916,
-0.9977230666441916, 0.06744391956366418,
0.9968202992911657,0.07968243797143013,
-0.07968243797143001, 0.9968202992911658,
0.6485144010221126,0.7612023854842618,
-0.7612023854842617, 0.6485144010221126,
0.8904487232447579,0.4550835871263438,
-0.4550835871263437, 0.890448723244758,
0.307849640041535, 0.9514350209690083,
-0.9514350209690083, 0.307849640041535,
0.9621214042690416,0.272621355449949,
-0.2726213554499489, 0.9621214042690416,
0.4875501601484361,0.8730949784182901,
-0.8730949784182901, 0.4875501601484359,
0.7845565971555752,0.6200572117632891,
-0.6200572117632892, 0.7845565971555751,
0.1163186309119049,0.9932119492347945,
-0.9932119492347945, 0.1163186309119047,
0.984210092386929, 0.1770042204121487,
-0.1770042204121487, 0.984210092386929,
0.5707807458869674,0.8211025149911046,
-0.8211025149911046, 0.5707807458869673,
0.8415549774368984,0.5401714727298929,
-0.5401714727298929, 0.8415549774368984,
0.2131103199160914,0.9770281426577544,
-0.9770281426577544, 0.2131103199160914,
0.9307669610789837,0.3656129978047739,
-0.3656129978047739, 0.9307669610789837,
0.3996241998456468,0.9166790599210427,
-0.9166790599210426, 0.3996241998456471,
0.7200025079613817,0.6939714608896539,
-0.6939714608896538, 0.7200025079613818,
0.01840672990580482, 0.9998305817958234,
-0.9998305817958234, 0.0184067299058051,
0.9998305817958234,0.01840672990580482,
-0.0184067299058047, 0.9998305817958234,
0.693971460889654, 0.7200025079613817,
-0.7200025079613817, 0.6939714608896539,
0.9166790599210427,0.3996241998456468,
-0.3996241998456467, 0.9166790599210427,
0.365612997804774, 0.9307669610789837,
-0.9307669610789837, 0.3656129978047738,
0.9770281426577544,0.2131103199160914,
-0.2131103199160913, 0.9770281426577544,
0.540171472729893, 0.8415549774368983,
-0.8415549774368983, 0.540171472729893,
0.8211025149911046,0.5707807458869673,
-0.5707807458869671, 0.8211025149911048,
0.1770042204121489,0.984210092386929,
-0.984210092386929, 0.1770042204121489,
0.9932119492347945,0.1163186309119048,
-0.1163186309119048, 0.9932119492347945,
0.6200572117632892,0.7845565971555752,
-0.784556597155575, 0.6200572117632894,
0.8730949784182901,0.487550160148436,
-0.4875501601484357, 0.8730949784182902,
0.272621355449949, 0.9621214042690416,
-0.9621214042690415, 0.2726213554499493,
0.9514350209690083,0.3078496400415349,
-0.3078496400415349, 0.9514350209690083,
0.4550835871263438,0.8904487232447579,
-0.8904487232447579, 0.4550835871263439,
0.7612023854842618,0.6485144010221124,
-0.6485144010221124, 0.7612023854842619,
0.07968243797143013, 0.9968202992911657,
-0.9968202992911657, 0.0796824379714302,
0.9977230666441916,0.06744391956366405,
-0.06744391956366398, 0.9977230666441916,
0.6578066932970787,0.7531867990436125,
-0.7531867990436124, 0.6578066932970787,
0.8959662497561852,0.4441221445704292,
-0.4441221445704291, 0.8959662497561852,
0.3195020308160157,0.9475855910177411,
-0.9475855910177411, 0.3195020308160158,
0.9653944416976894,0.2607941179152755,
-0.2607941179152755, 0.9653944416976894,
0.4982276669727819,0.8670462455156926,
-0.8670462455156926, 0.4982276669727818,
0.7921065773002124,0.6103828062763095,
-0.6103828062763096, 0.7921065773002123,
0.1284981107937932,0.9917097536690995,
-0.9917097536690995, 0.1284981107937931,
0.9863080972445987,0.1649131204899699,
-0.1649131204899699, 0.9863080972445987,
0.5808139580957645,0.8140363297059483,
-0.8140363297059484, 0.5808139580957645,
0.8481203448032972,0.5298036246862946,
-0.5298036246862947, 0.8481203448032972,
0.2250839113597928,0.9743393827855759,
-0.9743393827855759, 0.2250839113597928,
0.9351835099389476,0.3541635254204903,
-0.3541635254204904, 0.9351835099389476,
0.4108431710579039,0.9117060320054299,
-0.9117060320054298, 0.4108431710579041,
0.7284643904482252,0.6850836677727004,
-0.6850836677727002, 0.7284643904482253,
0.03067480317663658, 0.9995294175010931,
-0.9995294175010931, 0.03067480317663687,
0.9990777277526454,0.04293825693494082,
-0.04293825693494083, 0.9990777277526454,
0.676092703575316, 0.7368165688773698,
-0.7368165688773698, 0.6760927035753159,
0.9065957045149153,0.4220002707997997,
-0.4220002707997997, 0.9065957045149153,
0.3426607173119944,0.9394592236021899,
-0.9394592236021899, 0.3426607173119944,
0.9715038909862518,0.2370236059943672,
-0.2370236059943672, 0.9715038909862518,
0.5193559901655895,0.8545579883654005,
-0.8545579883654004, 0.5193559901655898,
0.8068475535437993,0.5907597018588742,
-0.5907597018588741, 0.8068475535437994,
0.1527971852584434,0.9882575677307495,
-0.9882575677307495, 0.1527971852584437,
0.9900582102622971,0.1406582393328492,
-0.1406582393328491, 0.9900582102622971,
0.600616479383869, 0.799537269107905,
-0.7995372691079051, 0.6006164793838689,
0.8608669386377673,0.508830142543107,
-0.5088301425431071, 0.8608669386377672,
0.2489276057457203,0.9685220942744173,
-0.9685220942744174, 0.2489276057457201,
0.9435934581619604,0.3311063057598764,
-0.3311063057598763, 0.9435934581619604,
0.433093818853152, 0.901348847046022,
-0.9013488470460219, 0.4330938188531521,
0.7450577854414659,0.6669999223036375,
-0.6669999223036374, 0.7450577854414661,
0.05519524434969003, 0.9984755805732948,
-0.9984755805732948, 0.05519524434969009,
0.9957674144676598,0.09190895649713272,
-0.09190895649713257, 0.9957674144676598,
0.6391244448637757,0.7691033376455796,
-0.7691033376455795, 0.6391244448637758,
0.8847970984309378,0.4659764957679662,
-0.465976495767966, 0.8847970984309379,
0.296150888243624, 0.9551411683057707,
-0.9551411683057707, 0.296150888243624,
0.9587034748958716,0.2844075372112719,
-0.2844075372112717, 0.9587034748958716,
0.4767992300633223,0.8790122264286334,
-0.8790122264286335, 0.4767992300633221,
0.7768884656732324,0.629638238914927,
-0.6296382389149271, 0.7768884656732324,
0.1041216338720547,0.9945645707342554,
-0.9945645707342554, 0.1041216338720546,
0.9819638691095552,0.1890686641498062,
-0.1890686641498062, 0.9819638691095552,
0.560661576197336, 0.8280450452577558,
-0.8280450452577557, 0.5606615761973361,
0.83486287498638, 0.5504579729366048,
-0.5504579729366047, 0.8348628749863801,
0.201104634842092, 0.9795697656854405,
-0.9795697656854405, 0.201104634842092,
0.9262102421383114,0.3770074102164183,
-0.3770074102164182, 0.9262102421383114,
0.3883450466988263,0.9215140393420419,
-0.9215140393420418, 0.3883450466988266,
0.7114321957452164,0.7027547444572253,
-0.7027547444572251, 0.7114321957452167,
0.006135884649154515, 0.9999811752826011,
-0.9999811752826011, 0.006135884649154799,
0.9999952938095762,0.003067956762965976,
-0.003067956762966016, 0.9999952938095762,
0.704934080375905, 0.7092728264388657,
-0.7092728264388655, 0.7049340803759051,
0.9227011283338786,0.3855160538439188,
-0.3855160538439189, 0.9227011283338785,
0.3798472089240511,0.9250492407826776,
-0.9250492407826775, 0.3798472089240514,
0.9801821359681174,0.1980984107179536,
-0.1980984107179536, 0.9801821359681174,
0.5530167055800276,0.8331701647019132,
-0.8331701647019132, 0.5530167055800275,
0.829761233794523, 0.5581185312205561,
-0.5581185312205561, 0.829761233794523,
0.1920803970498924,0.9813791933137546,
-0.9813791933137546, 0.1920803970498925,
0.9948793307948056,0.1010698627548278,
-0.1010698627548278, 0.9948793307948056,
0.6320187359398091,0.7749531065948738,
-0.7749531065948738, 0.6320187359398091,
0.8804708890521608,0.47410021465055,
-0.4741002146505499, 0.8804708890521609,
0.2873474595447296,0.9578264130275329,
-0.9578264130275329, 0.2873474595447296,
0.9560452513499964,0.2932191626942586,
-0.2932191626942586, 0.9560452513499965,
0.468688822035828, 0.8833633386657316,
-0.8833633386657317, 0.4686888220358278,
0.7710605242618138,0.6367618612362842,
-0.6367618612362843, 0.7710605242618137,
0.09496349532963906, 0.9954807554919269,
-0.9954807554919269, 0.09496349532963891,
0.9986402181802653,0.05213170468028332,
-0.05213170468028319, 0.9986402181802653,
0.669282588346636, 0.7430079521351217,
-0.7430079521351217, 0.669282588346636,
0.9026733182372588,0.4303264813400826,
-0.4303264813400827, 0.9026733182372587,
0.3339996514420095,0.9425731976014469,
-0.9425731976014469, 0.3339996514420094,
0.9692812353565485,0.2459550503357946,
-0.2459550503357945, 0.9692812353565485,
0.5114688504379705,0.8593018183570084,
-0.8593018183570084, 0.5114688504379705,
0.8013761717231402,0.5981607069963424,
-0.5981607069963422, 0.8013761717231402,
0.1436950331502946,0.9896220174632008,
-0.9896220174632008, 0.1436950331502946,
0.9887216919603238,0.1497645346773215,
-0.1497645346773215, 0.9887216919603238,
0.5932322950397998,0.8050313311429637,
-0.8050313311429634, 0.5932322950398,
0.8561473283751945,0.5167317990176499,
-0.5167317990176497, 0.8561473283751946,
0.2400030224487415,0.9707721407289504,
-0.9707721407289502, 0.2400030224487418,
0.9405060705932683,0.3397768844068269,
-0.3397768844068269, 0.9405060705932683,
0.4247796812091088,0.9052967593181188,
-0.9052967593181187, 0.4247796812091089,
0.7388873244606151,0.673829000378756,
-0.673829000378756, 0.7388873244606152,
0.04600318213091464, 0.9989412931868569,
-0.9989412931868569, 0.04600318213091471,
0.9996188224951786,0.02760814577896574,
-0.0276081457789657, 0.9996188224951786,
0.6873153408917591,0.726359155084346,
-0.7263591550843458, 0.6873153408917593,
0.9129621904283982,0.4080441628649787,
-0.4080441628649786, 0.9129621904283982,
0.35703096123343, 0.9340925504042589,
-0.9340925504042588, 0.3570309612334303,
0.9750253450669941,0.2220936209732035,
-0.2220936209732035, 0.9750253450669941,
0.532403127877198, 0.8464909387740521,
-0.846490938774052, 0.532403127877198,
0.8158144108067338,0.5783137964116556,
-0.5783137964116555, 0.8158144108067338,
0.1679382949747312,0.9857975091675674,
-0.9857975091675674, 0.1679382949747313,
0.9920993131421918,0.1254549834115462,
-0.1254549834115461, 0.9920993131421918,
0.6128100824294097,0.79023022143731,
-0.7902302214373099, 0.6128100824294098,
0.8685707059713409,0.4955652618257725,
-0.4955652618257724, 0.868570705971341,
0.2637546789748315,0.9645897932898126,
-0.9645897932898126, 0.2637546789748316,
0.9485613499157303,0.3165933755561658,
-0.3165933755561657, 0.9485613499157304,
0.4468688401623743,0.8945994856313826,
-0.8945994856313827, 0.4468688401623742,
0.7552013768965365,0.6554928529996153,
-0.6554928529996155, 0.7552013768965364,
0.07050457338961401, 0.9975114561403035,
-0.9975114561403035, 0.07050457338961386,
0.997060070339483, 0.07662386139203149,
-0.07662386139203151, 0.997060070339483,
0.650846684996381, 0.759209188978388,
-0.759209188978388, 0.650846684996381,
0.8918407093923427,0.4523495872337709,
-0.4523495872337709, 0.8918407093923427,
0.3107671527496115,0.9504860739494817,
-0.9504860739494817, 0.3107671527496115,
0.9629532668736839,0.2696683255729151,
-0.2696683255729151, 0.9629532668736839,
0.4902264832882911,0.8715950866559511,
-0.8715950866559509, 0.4902264832882914,
0.7864552135990858,0.6176473079378039,
-0.6176473079378038, 0.7864552135990859,
0.1193652148109914,0.9928504144598651,
-0.9928504144598651, 0.1193652148109916,
0.9847485018019042,0.1739838733874638,
-0.1739838733874637, 0.9847485018019042,
0.5732971666980423,0.8193475200767969,
-0.819347520076797, 0.5732971666980421,
0.8432082396418454,0.5375870762956454,
-0.5375870762956456, 0.8432082396418453,
0.2161067970762196,0.9763697313300211,
-0.9763697313300211, 0.2161067970762194,
0.9318842655816681,0.3627557243673972,
-0.3627557243673971, 0.9318842655816681,
0.4024346508594185,0.9154487160882678,
-0.9154487160882677, 0.4024346508594186,
0.7221281939292153,0.6917592583641577,
-0.6917592583641576, 0.7221281939292155,
0.02147408027546961, 0.9997694053512153,
-0.9997694053512153, 0.02147408027546967,
0.9998823474542126,0.0153392062849881,
-0.0153392062849881, 0.9998823474542126,
0.696177131491463, 0.7178700450557317,
-0.7178700450557316, 0.6961771314914631,
0.9179007756213905,0.3968099874167103,
-0.3968099874167103, 0.9179007756213905,
0.3684668299533723,0.9296408958431812,
-0.9296408958431812, 0.3684668299533726,
0.9776773578245099,0.2101118368804696,
-0.2101118368804696, 0.9776773578245099,
0.542750784864516, 0.8398937941959994,
-0.8398937941959995, 0.5427507848645159,
0.8228497813758264,0.5682589526701315,
-0.5682589526701315, 0.8228497813758263,
0.1800229014056995,0.9836624192117303,
-0.9836624192117303, 0.1800229014056996,
0.9935641355205953,0.1132709521775643,
-0.1132709521775642, 0.9935641355205953,
0.6224612793741501,0.7826505961665757,
-0.7826505961665756, 0.6224612793741501,
0.8745866522781761,0.4848692480007911,
-0.484869248000791, 0.8745866522781762,
0.2755718193109583,0.9612804858113206,
-0.9612804858113206, 0.2755718193109583,
0.9523750127197659,0.3049292297354024,
-0.3049292297354023, 0.9523750127197659,
0.4578133035988773,0.8890483558546646,
-0.8890483558546646, 0.4578133035988772,
0.7631884172633814,0.6461760129833163,
-0.6461760129833164, 0.7631884172633812,
0.0827402645493758,0.9965711457905548,
-0.9965711457905548, 0.08274026454937564,
0.997925286198596, 0.06438263092985747,
-0.06438263092985728, 0.997925286198596,
0.6601143420674205,0.7511651319096864,
-0.7511651319096864, 0.6601143420674205,
0.8973245807054183,0.4413712687317167,
-0.4413712687317167, 0.8973245807054183,
0.32240767880107, 0.9466009130832835,
-0.9466009130832835, 0.3224076788010699,
0.9661900034454125,0.257831102162159,
-0.2578311021621588, 0.9661900034454126,
0.5008853826112409,0.865513624090569,
-0.865513624090569, 0.5008853826112409,
0.7939754775543372,0.6079497849677736,
-0.6079497849677735, 0.7939754775543373,
0.1315400287028833,0.9913108598461154,
-0.9913108598461154, 0.1315400287028833,
0.9868094018141855,0.1618863937801118,
-0.1618863937801118, 0.9868094018141855,
0.5833086529376983,0.8122505865852039,
-0.8122505865852038, 0.5833086529376985,
0.8497417680008525,0.5271991347819013,
-0.5271991347819011, 0.8497417680008527,
0.2280720831708858,0.9736442496508119,
-0.9736442496508119, 0.2280720831708861,
0.9362656671702783,0.3512927560855671,
-0.351292756085567, 0.9362656671702783,
0.4136383122384346,0.9104412922580671,
-0.9104412922580671, 0.4136383122384347,
0.7305627692278276,0.6828455463852481,
-0.682845546385248, 0.7305627692278276,
0.03374117185137764, 0.9994306045554617,
-0.9994306045554617, 0.0337411718513777,
0.9992047586183639,0.03987292758773981,
-0.03987292758773973, 0.9992047586183639,
0.6783500431298615,0.7347388780959635,
-0.7347388780959635, 0.6783500431298614,
0.9078861164876663,0.4192168883632239,
-0.4192168883632241, 0.9078861164876662,
0.3455413249639891,0.9384035340631081,
-0.9384035340631082, 0.345541324963989,
0.9722264970789363,0.2340419585835434,
-0.2340419585835433, 0.9722264970789364,
0.5219752929371544,0.8529606049303636,
-0.8529606049303636, 0.5219752929371544,
0.808656181588175, 0.5882815482226452,
-0.5882815482226452, 0.8086561815881751,
0.1558283976542653,0.9877841416445722,
-0.9877841416445722, 0.1558283976542654,
0.9904850842564571,0.137620121586486,
-0.1376201215864861, 0.990485084256457,
0.6030665985403483,0.797690840943391,
-0.7976908409433909, 0.6030665985403484,
0.8624239561110405,0.5061866453451552,
-0.5061866453451551, 0.8624239561110406,
0.2518978181542169,0.9677538370934755,
-0.9677538370934754, 0.2518978181542172,
0.9446048372614803,0.3282098435790925,
-0.3282098435790926, 0.9446048372614803,
0.4358570799222555,0.9000158920161603,
-0.9000158920161602, 0.4358570799222555,
0.7471006059801801,0.6647109782033448,
-0.6647109782033449, 0.7471006059801801,
0.05825826450043573, 0.9983015449338929,
-0.9983015449338929, 0.05825826450043579,
0.996044700901252, 0.0888535525825246,
-0.08885355258252456, 0.996044700901252,
0.6414810128085832,0.7671389119358204,
-0.7671389119358204, 0.6414810128085832,
0.8862225301488806,0.4632597835518601,
-0.4632597835518601, 0.8862225301488806,
0.2990798263080405,0.9542280951091057,
-0.9542280951091056, 0.2990798263080405,
0.9595715130819845,0.2814649379257579,
-0.2814649379257579, 0.9595715130819845,
0.479493757660153, 0.8775452902072612,
-0.8775452902072611, 0.4794937576601533,
0.778816512381476, 0.6272518154951441,
-0.6272518154951439, 0.7788165123814761,
0.1071724249568089,0.9942404494531879,
-0.9942404494531879, 0.1071724249568092,
0.9825393022874412,0.1860551516634466,
-0.1860551516634465, 0.9825393022874412,
0.5631993440138341,0.8263210628456635,
-0.8263210628456635, 0.5631993440138341,
0.836547727223512, 0.5478940591731002,
-0.5478940591731002, 0.836547727223512,
0.204108966092817, 0.9789481753190622,
-0.9789481753190622, 0.2041089660928168,
0.9273625256504011,0.3741640629714579,
-0.3741640629714579, 0.9273625256504011,
0.391170384302254, 0.9203182767091105,
-0.9203182767091105, 0.391170384302254,
0.7135848687807935,0.7005687939432483,
-0.7005687939432482, 0.7135848687807936,
0.00920375478205996, 0.9999576445519639,
-0.9999576445519639, 0.009203754782060021,
0.9999576445519639,0.009203754782059819,
-0.009203754782059837, 0.9999576445519639,
0.7005687939432484,0.7135848687807935,
-0.7135848687807935, 0.7005687939432483,
0.9203182767091106,0.3911703843022539,
-0.3911703843022539, 0.9203182767091106,
0.374164062971458, 0.9273625256504011,
-0.9273625256504011, 0.374164062971458,
0.9789481753190622,0.2041089660928169,
-0.2041089660928169, 0.9789481753190622,
0.5478940591731002,0.8365477272235119,
-0.8365477272235119, 0.5478940591731004,
0.8263210628456635,0.5631993440138341,
-0.5631993440138339, 0.8263210628456636,
0.1860551516634466,0.9825393022874412,
-0.9825393022874412, 0.1860551516634469,
0.9942404494531879,0.1071724249568088,
-0.1071724249568088, 0.9942404494531879,
0.6272518154951442,0.7788165123814759,
-0.778816512381476, 0.6272518154951441,
0.8775452902072614,0.479493757660153,
-0.4794937576601531, 0.8775452902072612,
0.2814649379257581,0.9595715130819845,
-0.9595715130819845, 0.2814649379257579,
0.9542280951091057,0.2990798263080405,
-0.2990798263080404, 0.9542280951091057,
0.4632597835518603,0.8862225301488806,
-0.8862225301488805, 0.4632597835518603,
0.7671389119358204,0.6414810128085831,
-0.6414810128085831, 0.7671389119358204,
0.08885355258252468, 0.996044700901252,
-0.996044700901252, 0.08885355258252475,
0.9983015449338929,0.05825826450043575,
-0.05825826450043561, 0.9983015449338929,
0.6647109782033449,0.7471006059801801,
-0.74710060598018, 0.664710978203345,
0.9000158920161602,0.4358570799222555,
-0.4358570799222554, 0.9000158920161603,
0.3282098435790927,0.9446048372614803,
-0.9446048372614801, 0.3282098435790927,
0.9677538370934755,0.251897818154217,
-0.2518978181542168, 0.9677538370934755,
0.5061866453451553,0.8624239561110405,
-0.8624239561110405, 0.5061866453451552,
0.7976908409433912,0.6030665985403482,
-0.6030665985403483, 0.797690840943391,
0.1376201215864862,0.990485084256457,
-0.9904850842564571, 0.137620121586486,
0.9877841416445722,0.1558283976542652,
-0.1558283976542652, 0.9877841416445722,
0.5882815482226453,0.808656181588175,
-0.808656181588175, 0.5882815482226453,
0.8529606049303636,0.5219752929371544,
-0.5219752929371543, 0.8529606049303637,
0.2340419585835435,0.9722264970789363,
-0.9722264970789363, 0.2340419585835435,
0.9384035340631081,0.3455413249639891,
-0.345541324963989, 0.9384035340631082,
0.419216888363224, 0.9078861164876663,
-0.907886116487666, 0.4192168883632242,
0.7347388780959635,0.6783500431298615,
-0.6783500431298612, 0.7347388780959637,
0.03987292758773985, 0.9992047586183639,
-0.9992047586183639, 0.03987292758774013,
0.9994306045554617,0.03374117185137758,
-0.03374117185137752, 0.9994306045554617,
0.6828455463852481,0.7305627692278276,
-0.7305627692278275, 0.6828455463852481,
0.9104412922580672,0.4136383122384345,
-0.4136383122384345, 0.9104412922580672,
0.3512927560855671,0.9362656671702783,
-0.9362656671702783, 0.3512927560855672,
0.973644249650812, 0.2280720831708857,
-0.2280720831708857, 0.973644249650812,
0.5271991347819014,0.8497417680008524,
-0.8497417680008525, 0.5271991347819013,
0.812250586585204, 0.5833086529376983,
-0.5833086529376984, 0.8122505865852039,
0.1618863937801119,0.9868094018141854,
-0.9868094018141855, 0.1618863937801117,
0.9913108598461154,0.1315400287028831,
-0.1315400287028831, 0.9913108598461154,
0.6079497849677737,0.7939754775543372,
-0.7939754775543372, 0.6079497849677736,
0.8655136240905691,0.5008853826112407,
-0.5008853826112408, 0.8655136240905691,
0.2578311021621589,0.9661900034454126,
-0.9661900034454125, 0.257831102162159,
0.9466009130832835,0.3224076788010699,
-0.3224076788010699, 0.9466009130832835,
0.4413712687317166,0.8973245807054183,
-0.8973245807054182, 0.4413712687317169,
0.7511651319096864,0.6601143420674205,
-0.6601143420674204, 0.7511651319096866,
0.06438263092985741, 0.997925286198596,
-0.997925286198596, 0.0643826309298577,
0.9965711457905548,0.08274026454937569,
-0.08274026454937568, 0.9965711457905548,
0.6461760129833164,0.7631884172633813,
-0.7631884172633812, 0.6461760129833166,
0.8890483558546646,0.4578133035988772,
-0.457813303598877, 0.8890483558546647,
0.3049292297354024,0.9523750127197659,
-0.9523750127197658, 0.3049292297354027,
0.9612804858113206,0.2755718193109581,
-0.2755718193109581, 0.9612804858113206,
0.4848692480007911,0.8745866522781761,
-0.8745866522781761, 0.4848692480007911,
0.7826505961665757,0.62246127937415,
-0.62246127937415, 0.7826505961665757,
0.1132709521775644,0.9935641355205953,
-0.9935641355205953, 0.1132709521775644,
0.9836624192117303,0.1800229014056995,
-0.1800229014056994, 0.9836624192117303,
0.5682589526701315,0.8228497813758263,
-0.8228497813758262, 0.5682589526701317,
0.8398937941959995,0.5427507848645159,
-0.5427507848645158, 0.8398937941959995,
0.2101118368804697,0.9776773578245099,
-0.9776773578245099, 0.2101118368804698,
0.9296408958431812,0.3684668299533723,
-0.3684668299533722, 0.9296408958431813,
0.3968099874167104,0.9179007756213904,
-0.9179007756213905, 0.3968099874167103,
0.7178700450557317,0.696177131491463,
-0.696177131491463, 0.7178700450557317,
0.01533920628498822, 0.9998823474542126,
-0.9998823474542126, 0.01533920628498806,
0.9997694053512153,0.02147408027546951,
-0.02147408027546948, 0.9997694053512153,
0.6917592583641577,0.7221281939292153,
-0.7221281939292152, 0.6917592583641579,
0.9154487160882678,0.4024346508594184,
-0.4024346508594184, 0.9154487160882678,
0.3627557243673972,0.9318842655816681,
-0.931884265581668, 0.3627557243673973,
0.9763697313300211,0.2161067970762195,
-0.2161067970762195, 0.9763697313300211,
0.5375870762956455,0.8432082396418454,
-0.8432082396418453, 0.5375870762956457,
0.819347520076797, 0.5732971666980422,
-0.573297166698042, 0.8193475200767971,
0.1739838733874638,0.9847485018019042,
-0.9847485018019042, 0.1739838733874641,
0.9928504144598651,0.1193652148109914,
-0.1193652148109912, 0.9928504144598651,
0.617647307937804, 0.7864552135990858,
-0.7864552135990858, 0.6176473079378039,
0.871595086655951, 0.4902264832882912,
-0.4902264832882912, 0.871595086655951,
0.2696683255729152,0.9629532668736839,
-0.9629532668736839, 0.2696683255729151,
0.9504860739494817,0.3107671527496115,
-0.3107671527496114, 0.9504860739494818,
0.452349587233771, 0.8918407093923427,
-0.8918407093923426, 0.4523495872337711,
0.759209188978388, 0.6508466849963809,
-0.6508466849963808, 0.7592091889783881,
0.07662386139203162, 0.997060070339483,
-0.997060070339483, 0.07662386139203169,
0.9975114561403035,0.07050457338961386,
-0.0705045733896139, 0.9975114561403035,
0.6554928529996155,0.7552013768965365,
-0.7552013768965364, 0.6554928529996156,
0.8945994856313827,0.4468688401623742,
-0.446868840162374, 0.8945994856313828,
0.3165933755561658,0.9485613499157303,
-0.9485613499157303, 0.3165933755561661,
0.9645897932898128,0.2637546789748313,
-0.2637546789748314, 0.9645897932898128,
0.4955652618257725,0.8685707059713409,
-0.8685707059713409, 0.4955652618257725,
0.79023022143731, 0.6128100824294097,
-0.6128100824294097, 0.79023022143731,
0.1254549834115462,0.9920993131421918,
-0.9920993131421918, 0.1254549834115463,
0.9857975091675675,0.1679382949747312,
-0.1679382949747311, 0.9857975091675675,
0.5783137964116556,0.8158144108067338,
-0.8158144108067338, 0.5783137964116557,
0.8464909387740521,0.5324031278771979,
-0.5324031278771979, 0.8464909387740521,
0.2220936209732036,0.9750253450669941,
-0.9750253450669941, 0.2220936209732036,
0.9340925504042589,0.35703096123343,
-0.3570309612334299, 0.934092550404259,
0.4080441628649787,0.9129621904283981,
-0.9129621904283982, 0.4080441628649786,
0.726359155084346, 0.6873153408917591,
-0.6873153408917592, 0.7263591550843459,
0.02760814577896582, 0.9996188224951786,
-0.9996188224951786, 0.02760814577896566,
0.9989412931868569,0.04600318213091462,
-0.04600318213091452, 0.9989412931868569,
0.6738290003787561,0.7388873244606151,
-0.7388873244606151, 0.6738290003787561,
0.9052967593181188,0.4247796812091088,
-0.4247796812091087, 0.9052967593181188,
0.339776884406827, 0.9405060705932683,
-0.9405060705932683, 0.339776884406827,
0.9707721407289504,0.2400030224487415,
-0.2400030224487414, 0.9707721407289504,
0.51673179901765, 0.8561473283751945,
-0.8561473283751945, 0.5167317990176498,
0.8050313311429637,0.5932322950397998,
-0.5932322950397999, 0.8050313311429635,
0.1497645346773216,0.9887216919603238,
-0.9887216919603238, 0.1497645346773215,
0.9896220174632009,0.1436950331502945,
-0.1436950331502944, 0.9896220174632009,
0.5981607069963424,0.8013761717231401,
-0.8013761717231402, 0.5981607069963424,
0.8593018183570085,0.5114688504379703,
-0.5114688504379704, 0.8593018183570085,
0.2459550503357946,0.9692812353565485,
-0.9692812353565484, 0.2459550503357947,
0.9425731976014469,0.3339996514420094,
-0.3339996514420094, 0.9425731976014469,
0.4303264813400826,0.9026733182372588,
-0.9026733182372587, 0.4303264813400829,
0.7430079521351217,0.669282588346636,
-0.6692825883466359, 0.7430079521351218,
0.05213170468028332, 0.9986402181802653,
-0.9986402181802652, 0.05213170468028359,
0.9954807554919269,0.09496349532963899,
-0.09496349532963895, 0.9954807554919269,
0.6367618612362842,0.7710605242618138,
-0.7710605242618136, 0.6367618612362844,
0.8833633386657316,0.4686888220358279,
-0.4686888220358277, 0.8833633386657317,
0.2932191626942587,0.9560452513499964,
-0.9560452513499963, 0.293219162694259,
0.9578264130275329,0.2873474595447295,
-0.2873474595447295, 0.9578264130275329,
0.47410021465055, 0.8804708890521608,
-0.8804708890521608, 0.4741002146505501,
0.7749531065948739,0.6320187359398091,
-0.632018735939809, 0.7749531065948739,
0.1010698627548279,0.9948793307948056,
-0.9948793307948056, 0.1010698627548279,
0.9813791933137546,0.1920803970498924,
-0.1920803970498923, 0.9813791933137546,
0.5581185312205561,0.829761233794523,
-0.8297612337945229, 0.5581185312205563,
0.8331701647019132,0.5530167055800275,
-0.5530167055800274, 0.8331701647019133,
0.1980984107179537,0.9801821359681173,
-0.9801821359681173, 0.1980984107179538,
0.9250492407826776,0.3798472089240512,
-0.379847208924051, 0.9250492407826777,
0.385516053843919, 0.9227011283338785,
-0.9227011283338786, 0.3855160538439188,
0.7092728264388657,0.7049340803759049,
-0.7049340803759049, 0.7092728264388656,
0.003067956762966138, 0.9999952938095762,
-0.9999952938095762, 0.003067956762965977,
0.9999988234517019,0.001533980186284766,
-0.001533980186284644, 0.9999988234517019,
0.7060212614493397,0.7081906370331954,
-0.7081906370331954, 0.7060212614493397,
0.9232914167195276,0.384100195016935,
-0.3841001950169349, 0.9232914167195277,
0.3812657692221625,0.9244654743252626,
-0.9244654743252626, 0.3812657692221623,
0.9804848617734694,0.1965945976700802,
-0.1965945976700801, 0.9804848617734694,
0.5542941214536201,0.8323208677679297,
-0.8323208677679296, 0.5542941214536202,
0.8306164003088463,0.5568450372751601,
-0.55684503727516, 0.8306164003088463,
0.1935855872958037,0.9810833911504866,
-0.9810833911504866, 0.1935855872958038,
0.9950331994381186,0.09954361866006932,
-0.09954361866006932, 0.9950331994381186,
0.6332067550500572,0.7739826906068228,
-0.7739826906068227, 0.6332067550500574,
0.8811971134712221,0.4727490319503428,
-0.4727490319503426, 0.8811971134712222,
0.2888164082060495,0.9573845007889759,
-0.9573845007889759, 0.2888164082060498,
0.9564939189023951,0.2917522632349893,
-0.2917522632349893, 0.9564939189023951,
0.4700433324595956,0.8826433399795628,
-0.8826433399795628, 0.4700433324595957,
0.7720363971503845,0.6355783204885561,
-0.6355783204885561, 0.7720363971503845,
0.09649043135525261, 0.9953339121404823,
-0.9953339121404823, 0.09649043135525266,
0.9987190122338729,0.05059974903689928,
-0.05059974903689921, 0.9987190122338729,
0.6704215603801731,0.741980411720831,
-0.741980411720831, 0.6704215603801732,
0.9033323684945118,0.4289412920553295,
-0.4289412920553294, 0.9033323684945118,
0.3354451470845317,0.9420597397710173,
-0.9420597397710173, 0.3354451470845317,
0.9696573851242924,0.2444679027478242,
-0.2444679027478241, 0.9696573851242924,
0.5127864006335631,0.8585162242644427,
-0.8585162242644429, 0.512786400633563,
0.8022927955381157,0.5969307080621964,
-0.5969307080621966, 0.8022927955381156,
0.1452129246528475,0.9894004277913804,
-0.9894004277913804, 0.1452129246528474,
0.988950264510303, 0.148247678986896,
-0.1482476789868961, 0.988950264510303,
0.5944664991846645,0.8041203773982657,
-0.8041203773982657, 0.5944664991846644,
0.8569389774178288,0.5154178780194629,
-0.515417878019463, 0.8569389774178287,
0.2414918853028693,0.9704028386875555,
-0.9704028386875555, 0.2414918853028694,
0.9410261750508893,0.3383337669655411,
-0.3383337669655412, 0.9410261750508893,
0.4261678887267996,0.9046440905782462,
-0.9046440905782461, 0.4261678887267998,
0.7399200954595162,0.6726947690707729,
-0.6726947690707727, 0.7399200954595163,
0.04753548415695926, 0.9988695499142836,
-0.9988695499142836, 0.04753548415695954,
0.9996599967439592,0.0260747178291039,
-0.02607471782910391, 0.9996599967439592,
0.6884287527840904,0.7253039723730608,
-0.7253039723730608, 0.6884287527840904,
0.9135870479452508,0.406643216870369,
-0.406643216870369, 0.9135870479452508,
0.3584634206337365,0.9335437729788362,
-0.9335437729788362, 0.3584634206337366,
0.975364885116657, 0.2205976901088735,
-0.2205976901088735, 0.975364885116657,
0.533701001807153, 0.8456732469872991,
-0.845673246987299, 0.5337010018071532,
0.8167005728668278,0.5770616728556794,
-0.5770616728556793, 0.816700572866828,
0.1694502912339679,0.9855387353121761,
-0.9855387353121761, 0.1694502912339682,
0.9922905913482574,0.1239329751185122,
-0.1239329751185121, 0.9922905913482574,
0.6140215589310385,0.7892892531688857,
-0.7892892531688858, 0.6140215589310384,
0.8693298713486068,0.4942323085159597,
-0.4942323085159598, 0.8693298713486067,
0.2652340302855119,0.9641840639517457,
-0.9641840639517458, 0.2652340302855117,
0.9490458818527006,0.3151379287525224,
-0.3151379287525223, 0.9490458818527006,
0.44824061228522, 0.8939129451452033,
-0.8939129451452031, 0.4482406122852201,
0.7562060014143945,0.6543336178318004,
-0.6543336178318004, 0.7562060014143945,
0.07203465324688942, 0.9974021299012753,
-0.9974021299012753, 0.07203465324688947,
0.9971764367353262,0.07509430084792131,
-0.07509430084792117, 0.9971764367353262,
0.6520105310969595,0.7582099098130153,
-0.7582099098130152, 0.6520105310969597,
0.8925335554027646,0.4509809890451039,
-0.4509809890451037, 0.8925335554027647,
0.3122248139218251,0.950008245001843,
-0.950008245001843, 0.3122248139218251,
0.963365799780954, 0.2681908570634032,
-0.268190857063403, 0.963365799780954,
0.4915629161065501,0.8708420634700789,
-0.8708420634700789, 0.4915629161065499,
0.7874017470290314,0.6164401745308536,
-0.6164401745308536, 0.7874017470290313,
0.1208880872357772,0.992666142448948,
-0.992666142448948, 0.1208880872357771,
0.9850142310122398,0.172473083996796,
-0.1724730839967959, 0.9850142310122398,
0.5745533550477158,0.8184671295802987,
-0.8184671295802987, 0.5745533550477159,
0.8440318954900664,0.5362929790659632,
-0.5362929790659631, 0.8440318954900664,
0.2176042746384837,0.976037079039039,
-0.976037079039039, 0.2176042746384837,
0.9324396292684624,0.3613258055684543,
-0.3613258055684542, 0.9324396292684624,
0.4038384575676541,0.9148303122379461,
-0.914830312237946, 0.4038384575676544,
0.7231884893065275,0.6906507141345346,
-0.6906507141345344, 0.7231884893065276,
0.02300768146883941, 0.9997352882605617,
-0.9997352882605617, 0.02300768146883969,
0.9999047010828529,0.01380538852806039,
-0.01380538852806023, 0.9999047010828529,
0.6972775108308866,0.7168012785210994,
-0.7168012785210995, 0.6972775108308865,
0.9185083943252123,0.3954014789478164,
-0.3954014789478162, 0.9185083943252123,
0.3698924471489343,0.9290745812593157,
-0.9290745812593159, 0.3698924471489341,
0.9779985149345571,0.2086118519782635,
-0.2086118519782633, 0.9779985149345571,
0.5440385267308839,0.8390602370703126,
-0.8390602370703126, 0.544038526730884,
0.8237205112273914,0.5669960488251087,
-0.5669960488251085, 0.8237205112273915,
0.1815316082611251,0.9833851103215512,
-0.9833851103215512, 0.1815316082611252,
0.9937367219407246,0.1117467112111266,
-0.1117467112111265, 0.9937367219407246,
0.6236611175256946,0.7816948320710594,
-0.7816948320710593, 0.6236611175256949,
0.8753294031041109,0.4835270789329187,
-0.4835270789329185, 0.875329403104111,
0.2770460803061, 0.9608566331076797,
-0.9608566331076795, 0.2770460803061002,
0.9528416476011987,0.3034679465720113,
-0.3034679465720113, 0.9528416476011987,
0.4591765475219441,0.8883450333095964,
-0.8883450333095962, 0.4591765475219442,
0.7641787405361167,0.6450045368155439,
-0.6450045368155439, 0.7641787405361168,
0.08426888759332413, 0.9964430513500426,
-0.9964430513500426, 0.08426888759332418,
0.9980228737714862,0.06285175756416141,
-0.06285175756416131, 0.9980228737714862,
0.6612658378399923,0.750151645806215,
-0.750151645806215, 0.6612658378399923,
0.8980005797407399,0.4399942713096333,
-0.4399942713096331, 0.8980005797407399,
0.323859366517853, 0.9461052323704033,
-0.9461052323704033, 0.323859366517853,
0.9665843744783331,0.2563486824899429,
-0.2563486824899427, 0.9665843744783331,
0.5022124740457109,0.8647442575194624,
-0.8647442575194624, 0.5022124740457107,
0.794907126328237, 0.6067311270345245,
-0.6067311270345246, 0.7949071263282369,
0.1330605251571392,0.9911079137232768,
-0.9911079137232769, 0.133060525157139,
0.987056571305751, 0.1603724572429283,
-0.1603724572429283, 0.987056571305751,
0.5845539429530153,0.8113548470170637,
-0.8113548470170637, 0.5845539429530153,
0.8505494812656035,0.5258950274710846,
-0.5258950274710846, 0.8505494812656035,
0.2295653658205189,0.9732932460546982,
-0.9732932460546982, 0.2295653658205189,
0.9368034417359216,0.3498561297901349,
-0.3498561297901349, 0.9368034417359216,
0.4150344244760816,0.9098057081046522,
-0.9098057081046521, 0.4150344244760819,
0.7316093812238926,0.6817240741716497,
-0.6817240741716496, 0.7316093812238927,
0.03527423889821395, 0.9993776703880028,
-0.9993776703880028, 0.03527423889821423,
0.9992647472865944,0.03834012037355269,
-0.03834012037355267, 0.9992647472865944,
0.679476319899365, 0.7336974381146603,
-0.7336974381146603, 0.6794763198993651,
0.9085281187163061,0.4178237158202123,
-0.4178237158202123, 0.9085281187163061,
0.3469804108459237,0.9378723764399899,
-0.9378723764399898, 0.3469804108459237,
0.9725843689347322,0.2325503070387752,
-0.2325503070387752, 0.9725843689347322,
0.5232831034756564,0.8521589016239198,
-0.8521589016239196, 0.5232831034756567,
0.8095576424040513,0.587040393520918,
-0.5870403935209177, 0.8095576424040515,
0.1573434556162383,0.9875439417943592,
-0.9875439417943592, 0.1573434556162386,
0.9906950254426646,0.1361005751757062,
-0.1361005751757061, 0.9906950254426646,
0.6042895309481561,0.7967648102084187,
-0.7967648102084187, 0.604289530948156,
0.8631994217121242,0.5048631085312676,
-0.5048631085312676, 0.8631994217121242,
0.2533820369955703,0.9673662922223285,
-0.9673662922223285, 0.2533820369955701,
0.9451071932852606,0.3267604523201317,
-0.3267604523201316, 0.9451071932852606,
0.4372371736610442,0.8993462369793415,
-0.8993462369793415, 0.4372371736610443,
0.7481193804504036,0.6635641586120398,
-0.6635641586120397, 0.7481193804504037,
0.05978957074664001, 0.9982110033604782,
-0.9982110033604782, 0.05978957074664007,
0.996179828595697, 0.08732553520619206,
-0.0873255352061921, 0.9961798285956969,
0.6426570339662269,0.7661539901963128,
-0.7661539901963128, 0.6426570339662271,
0.8869321187943422,0.4618997907024627,
-0.4618997907024626, 0.8869321187943423,
0.3005432414172734,0.9537681898859903,
-0.9537681898859902, 0.3005432414172737,
0.960002145737666, 0.2799926430802732,
-0.2799926430802733, 0.9600021457376658,
0.4808393306003339,0.8768087238091458,
-0.8768087238091457, 0.480839330600334,
0.7797777879230146,0.6260563884043435,
-0.6260563884043435, 0.7797777879230144,
0.1086974440131387,0.9940748793048794,
-0.9940748793048794, 0.1086974440131387,
0.9828235511987052,0.1845477369386196,
-0.1845477369386195, 0.9828235511987053,
0.5644662415205195,0.8254561540043774,
-0.8254561540043774, 0.5644662415205195,
0.8373872016156619,0.5466101669108349,
-0.5466101669108347, 0.8373872016156619,
0.2056104130530993,0.9786339244294231,
-0.9786339244294231, 0.2056104130530994,
0.9279353948226179,0.3727410670095158,
-0.3727410670095157, 0.9279353948226179,
0.3925816740729515,0.9197171462912274,
-0.9197171462912274, 0.3925816740729514,
0.7146586878627691,0.6994733446402838,
-0.6994733446402839, 0.714658687862769,
0.01073765916726457, 0.9999423496760239,
-0.9999423496760239, 0.01073765916726441,
0.9999705864309741,0.007669828739531097,
-0.007669828739530955, 0.9999705864309741,
0.7016625947401685,0.7125093705646923,
-0.7125093705646922, 0.7016625947401687,
0.9209172415291894,0.3897581740698564,
-0.3897581740698563, 0.9209172415291895,
0.3755861784892173,0.9267874743045817,
-0.9267874743045817, 0.3755861784892174,
0.979260122649082, 0.2026070388444211,
-0.202607038844421, 0.9792601226490821,
0.5491766621877198,0.8357062843537526,
-0.8357062843537526, 0.5491766621877197,
0.8271840272736691,0.5619311212446894,
-0.5619311212446895, 0.827184027273669,
0.1875621285825297,0.9822527413662894,
-0.9822527413662894, 0.1875621285825296,
0.9944036800576791,0.1056471537134106,
-0.1056471537134106, 0.9944036800576791,
0.6284457666018327,0.777853404209453,
-0.777853404209453, 0.6284457666018327,
0.8782797916565416,0.478147056424843,
-0.478147056424843, 0.8782797916565416,
0.2829365704570554,0.9591386224618419,
-0.9591386224618419, 0.2829365704570554,
0.9546857549413383,0.2976157074350862,
-0.2976157074350862, 0.9546857549413383,
0.4646186863062378, 0.8855108561362,
-0.8855108561361998, 0.4646186863062381,
0.7681220285233654,0.6403034821841517,
-0.6403034821841515, 0.7681220285233655,
0.09038136087786501, 0.9959072294174117,
-0.9959072294174117, 0.09038136087786529,
0.9983897374073402,0.05672682116690775,
-0.05672682116690766, 0.9983897374073402,
0.6658562336655097,0.7460800735100637,
-0.7460800735100638, 0.6658562336655096,
0.9006834292286469,0.4344759605696557,
-0.4344759605696558, 0.9006834292286469,
0.3296584625285875,0.9441002584912727,
-0.9441002584912727, 0.3296584625285874,
0.9681391047463624,0.2504130065729652,
-0.2504130065729652, 0.9681391047463624,
0.5075089910529709,0.8616464611430813,
-0.8616464611430813, 0.507508991052971,
0.7986149946347609,0.60184224705858,
-0.60184224705858, 0.7986149946347609,
0.1391393441638263,0.9902728123631691,
-0.9902728123631691, 0.1391393441638263,
0.9880220171432835,0.1543129730130201,
-0.1543129730130201, 0.9880220171432835,
0.5895213186410639,0.8077528179261902,
-0.8077528179261902, 0.5895213186410641,
0.8537603011381114,0.5206662541403672,
-0.5206662541403669, 0.8537603011381115,
0.2355330594049755,0.9718663374802794,
-0.9718663374802793, 0.2355330594049757,
0.9389324835320646,0.3441014259899388,
-0.3441014259899389, 0.9389324835320645,
0.4206090744484025,0.9072419779152959,
-0.9072419779152958, 0.4206090744484026,
0.7357785891657136,0.6772221701371803,
-0.6772221701371804, 0.7357785891657136,
0.04140564097707671, 0.9991424187248169,
-0.9991424187248169, 0.04140564097707677,
0.9994811869661669,0.03220802540830459,
-0.03220802540830458, 0.9994811869661669,
0.6839654117973155,0.7295144381469969,
-0.7295144381469968, 0.6839654117973156,
0.9110747340551764,0.4122412266698829,
-0.4122412266698829, 0.9110747340551764,
0.3527285557552107,0.9357256894810804,
-0.9357256894810803, 0.3527285557552109,
0.9739929621679558,0.22657826384561,
-0.22657826384561, 0.9739929621679558,
0.5285020015422285,0.8489320552116396,
-0.8489320552116396, 0.5285020015422285,
0.8131444148492536,0.5820619903407754,
-0.5820619903407755, 0.8131444148492536,
0.1633999493829732,0.9865599102647754,
-0.9865599102647754, 0.1633999493829733,
0.9915114733187439,0.1300192227222333,
-0.1300192227222332, 0.991511473318744,
0.6091670123364532,0.7930419604794436,
-0.7930419604794436, 0.6091670123364533,
0.866280954024513, 0.4995571125450818,
-0.4995571125450818, 0.8662809540245131,
0.2593129151328863,0.9657933588740836,
-0.9657933588740836, 0.2593129151328864,
0.9470943663527772,0.3209552324278752,
-0.3209552324278751, 0.9470943663527772,
0.4427472275645701,0.8966464701786802,
-0.8966464701786803, 0.44274722756457,
0.7521768504490427,0.6589612929820373,
-0.6589612929820374, 0.7521768504490427,
0.06591335279700393, 0.9978253504111116,
-0.9978253504111116, 0.06591335279700376,
0.9966968952028961,0.08121144680959244,
-0.08121144680959226, 0.9966968952028961,
0.6473459686365121,0.7621962981345789,
-0.7621962981345789, 0.6473459686365121,
0.8897495863830728,0.4564489823968839,
-0.456448982396884, 0.8897495863830728,
0.3063897953708611,0.9519061368079322,
-0.9519061368079323, 0.3063897953708609,
0.9617020765291225,0.2740969098687064,
-0.2740969098687062, 0.9617020765291225,
0.4862102761244865,0.8738418434653668,
-0.8738418434653668, 0.4862102761244866,
0.7836045186096382,0.6212599765110876,
-0.6212599765110874, 0.7836045186096383,
0.1147949266065103,0.9933892111480807,
-0.9933892111480807, 0.1147949266065103,
0.9839374134492189,0.1785137709389975,
-0.1785137709389975, 0.9839374134492189,
0.5695205193469473,0.8219771152792416,
-0.8219771152792413, 0.5695205193469475,
0.8407253749704581,0.5414617658531234,
-0.5414617658531232, 0.8407253749704582,
0.2116113273692276, 0.9773539001452,
-0.9773539001452, 0.2116113273692279,
0.9302050228922191,0.3670403457197672,
-0.3670403457197671, 0.9302050228922191,
0.3982175621533736,0.9172909970083779,
-0.9172909970083779, 0.3982175621533737,
0.7189371223728045,0.6950751139800009,
-0.6950751139800008, 0.7189371223728045,
0.01687298794728177, 0.9998576410058239,
-0.9998576410058239, 0.01687298794728184,
0.9998011698878843,0.01994042855151444,
-0.01994042855151448, 0.9998011698878843,
0.6928661748174247,0.7210661993145081,
-0.7210661993145079, 0.6928661748174249,
0.9160649657993317,0.4010298971835756,
-0.4010298971835757, 0.9160649657993317,
0.3641847895670798,0.9313267090811804,
-0.9313267090811803, 0.3641847895670801,
0.9767000861287118,0.2146088109937868,
-0.2146088109937868, 0.9767000861287118,
0.5388799085310084,0.8423825996431858,
-0.8423825996431858, 0.5388799085310084,
0.8202259825694347,0.572039629324757,
-0.572039629324757, 0.8202259825694347,
0.1754942533772714,0.9844804553832209,
-0.9844804553832209, 0.1754942533772715,
0.9930323501978514,0.117842061508325,
-0.1178420615083249, 0.9930323501978514,
0.6188529879609763,0.7855068295640539,
-0.7855068295640539, 0.6188529879609764,
0.8723460588943915,0.4888888969197632,
-0.4888888969197631, 0.8723460588943915,
0.2711451595268081,0.9625384680443592,
-0.9625384680443592, 0.2711451595268081,
0.9509616663115751,0.3093087603122687,
-0.3093087603122686, 0.9509616663115751,
0.4537171210001639,0.8911457647945832,
-0.8911457647945833, 0.4537171210001638,
0.7602066816512024,0.6496813073906832,
-0.6496813073906833, 0.7602066816512023,
0.07815324163279432, 0.9969413577649822,
-0.9969413577649822, 0.07815324163279415,
0.9976184351385196,0.06897432762826675,
-0.06897432762826661, 0.9976184351385196,
0.656650545729429, 0.7541949753168892,
-0.7541949753168892, 0.656650545729429,
0.8952839210385576,0.4454960165139817,
-0.4454960165139818, 0.8952839210385575,
0.3180480773850151,0.9480745859222762,
-0.9480745859222762, 0.3180480773850149,
0.9649932528549203,0.2622747070239136,
-0.2622747070239135, 0.9649932528549204,
0.4968970490226546,0.8678094967633032,
-0.8678094967633032, 0.4968970490226547,
0.7911693302176902,0.6115971639264619,
-0.6115971639264618, 0.7911693302176903,
0.126976696496886, 0.9919057004306093,
-0.9919057004306093, 0.1269766964968861,
0.9860539633461954,0.1664259035404641,
-0.1664259035404641, 0.9860539633461954,
0.5795645591394057,0.8149263290565266,
-0.8149263290565264, 0.579564559139406,
0.8473066386858583,0.531104001151255,
-0.5311040011512548, 0.8473066386858585,
0.22358902922979, 0.9746835106885107,
-0.9746835106885107, 0.2235890292297903,
0.9346391298196808,0.3555976617047839,
-0.3555976617047839, 0.9346391298196808,
0.4094441486922576,0.9123351846233227,
-0.9123351846233227, 0.4094441486922577,
0.7274126286023758,0.6862003116800386,
-0.6862003116800386, 0.7274126286023758,
0.02914150876419374, 0.9995752960467492,
-0.9995752960467492, 0.0291415087641938,
0.9990106858540734,0.04447077185493867,
-0.04447077185493862, 0.9990106858540734,
0.674961646102012, 0.737852814788466,
-0.7378528147884658, 0.6749616461020123,
0.9059472978072685,0.423390474143796,
-0.4233904741437958, 0.9059472978072686,
0.3412192023202824,0.9399837530340139,
-0.9399837530340138, 0.3412192023202827,
0.9711391584497251,0.2385135948443184,
-0.2385135948443184, 0.9711391584497251,
0.5180445040959993,0.855353664735196,
-0.8553536647351959, 0.5180445040959994,
0.8059403905711763,0.591996694962041,
-0.5919966949620409, 0.8059403905711764,
0.1512810379573302,0.9884907928526966,
-0.9884907928526966, 0.1512810379573303,
0.9898412784588205,0.142176803519448,
-0.1421768035194479, 0.9898412784588205,
0.5993892984005645,0.8004576621926227,
-0.8004576621926226, 0.5993892984005647,
0.8600853904293901,0.5101500967067668,
-0.5101500967067666, 0.8600853904293903,
0.2474416191677734,0.9689028047764289,
-0.9689028047764289, 0.2474416191677735,
0.9430844374660935,0.3325533698660442,
-0.3325533698660441, 0.9430844374660935,
0.4317106580250574,0.9020121439024931,
-0.9020121439024932, 0.4317106580250573,
0.7440337441799293,0.6681420414265185,
-0.6681420414265186, 0.7440337441799292,
0.05366353765273068, 0.9985590742297593,
-0.9985590742297593, 0.05366353765273052,
0.9956252563809943,0.09343633584574779,
-0.09343633584574779, 0.9956252563809943,
0.6379439036218442,0.7700828369933479,
-0.7700828369933479, 0.6379439036218441,
0.884081258712635, 0.4673332087419884,
-0.4673332087419884, 0.884081258712635,
0.2946853721805143,0.9555943341307711,
-0.9555943341307711, 0.2946853721805144,
0.9582660714080177,0.2858778347270806,
-0.2858778347270806, 0.9582660714080177,
0.4754502817471559,0.8797425928000474,
-0.8797425928000473, 0.4754502817471561,
0.7759216990434077,0.6308292296284245,
-0.6308292296284244, 0.7759216990434078,
0.1025958690224363,0.9947231211043257,
-0.9947231211043257, 0.1025958690224366,
0.9816726861969831,0.1905747548202527,
-0.1905747548202527, 0.9816726861969831,
0.5593907118591361,0.8289041147718649,
-0.828904114771865, 0.559390711859136,
0.8340175011060181,0.5517379884047073,
-0.5517379884047074, 0.834017501106018,
0.1996017576211311,0.9798771036995176,
-0.9798771036995176, 0.1996017576211309,
0.9256308305098727,0.3784277548087656,
-0.3784277548087654, 0.9256308305098728,
0.3869310055143887,0.9221086687433451,
-0.9221086687433451, 0.3869310055143887,
0.7103533468570624,0.7038452405244849,
-0.7038452405244848, 0.7103533468570624,
0.004601926120448672, 0.9999894110819284,
-0.9999894110819284, 0.004601926120448733,
0.9999894110819284,0.00460192612044857,
-0.00460192612044855, 0.9999894110819284,
0.7038452405244849,0.7103533468570624,
-0.7103533468570623, 0.703845240524485,
0.9221086687433452,0.3869310055143886,
-0.3869310055143886, 0.9221086687433452,
0.3784277548087656,0.9256308305098727,
-0.9256308305098727, 0.3784277548087657,
0.9798771036995176,0.199601757621131,
-0.1996017576211309, 0.9798771036995176,
0.5517379884047074,0.8340175011060181,
-0.8340175011060179, 0.5517379884047077,
0.8289041147718649,0.5593907118591361,
-0.5593907118591358, 0.8289041147718651,
0.1905747548202528,0.9816726861969831,
-0.9816726861969831, 0.1905747548202531,
0.9947231211043257,0.1025958690224363,
-0.1025958690224362, 0.9947231211043257,
0.6308292296284246,0.7759216990434076,
-0.7759216990434077, 0.6308292296284245,
0.8797425928000474,0.4754502817471559,
-0.4754502817471559, 0.8797425928000474,
0.2858778347270807,0.9582660714080177,
-0.9582660714080177, 0.2858778347270806,
0.9555943341307711,0.2946853721805143,
-0.2946853721805142, 0.9555943341307711,
0.4673332087419885,0.884081258712635,
-0.8840812587126349, 0.4673332087419886,
0.7700828369933479,0.6379439036218441,
-0.6379439036218439, 0.7700828369933481,
0.09343633584574791, 0.9956252563809943,
-0.9956252563809943, 0.09343633584574797,
0.9985590742297593,0.05366353765273052,
-0.05366353765273055, 0.9985590742297593,
0.6681420414265186,0.7440337441799293,
-0.7440337441799291, 0.6681420414265187,
0.9020121439024932,0.4317106580250573,
-0.4317106580250571, 0.9020121439024933,
0.3325533698660442,0.9430844374660935,
-0.9430844374660934, 0.3325533698660444,
0.9689028047764289,0.2474416191677733,
-0.2474416191677733, 0.9689028047764289,
0.5101500967067667,0.8600853904293903,
-0.8600853904293901, 0.5101500967067668,
0.8004576621926228,0.5993892984005645,
-0.5993892984005645, 0.8004576621926228,
0.142176803519448, 0.9898412784588205,
-0.9898412784588205, 0.1421768035194481,
0.9884907928526966,0.1512810379573302,
-0.1512810379573301, 0.9884907928526967,
0.591996694962041, 0.8059403905711763,
-0.8059403905711763, 0.591996694962041,
0.855353664735196, 0.5180445040959993,
-0.5180445040959992, 0.855353664735196,
0.2385135948443185,0.9711391584497251,
-0.9711391584497251, 0.2385135948443186,
0.939983753034014, 0.3412192023202824,
-0.3412192023202823, 0.939983753034014,
0.4233904741437961,0.9059472978072685,
-0.9059472978072685, 0.4233904741437959,
0.737852814788466, 0.6749616461020119,
-0.674961646102012, 0.7378528147884659,
0.04447077185493874, 0.9990106858540734,
-0.9990106858540734, 0.04447077185493858,
0.9995752960467492,0.02914150876419372,
-0.02914150876419362, 0.9995752960467492,
0.6862003116800386,0.7274126286023758,
-0.7274126286023757, 0.6862003116800387,
0.9123351846233227,0.4094441486922576,
-0.4094441486922575, 0.9123351846233229,
0.355597661704784, 0.9346391298196808,
-0.9346391298196807, 0.355597661704784,
0.9746835106885107,0.22358902922979,
-0.2235890292297899, 0.9746835106885107,
0.531104001151255, 0.8473066386858583,
-0.8473066386858584, 0.5311040011512549,
0.8149263290565266,0.5795645591394056,
-0.5795645591394059, 0.8149263290565265,
0.1664259035404642,0.9860539633461954,
-0.9860539633461954, 0.166425903540464,
0.9919057004306093,0.1269766964968859,
-0.1269766964968859, 0.9919057004306093,
0.611597163926462, 0.7911693302176901,
-0.7911693302176902, 0.6115971639264619,
0.8678094967633033,0.4968970490226545,
-0.4968970490226545, 0.8678094967633032,
0.2622747070239136,0.9649932528549203,
-0.9649932528549203, 0.2622747070239137,
0.9480745859222762,0.3180480773850149,
-0.3180480773850149, 0.9480745859222762,
0.4454960165139817,0.8952839210385576,
-0.8952839210385574, 0.445496016513982,
0.7541949753168892,0.6566505457294289,
-0.6566505457294288, 0.7541949753168893,
0.06897432762826673, 0.9976184351385196,
-0.9976184351385196, 0.06897432762826702,
0.9969413577649822,0.07815324163279423,
-0.07815324163279419, 0.9969413577649822,
0.6496813073906832,0.7602066816512024,
-0.7602066816512022, 0.6496813073906834,
0.8911457647945832,0.4537171210001639,
-0.4537171210001636, 0.8911457647945834,
0.3093087603122688,0.9509616663115751,
-0.950961666311575, 0.309308760312269,
0.9625384680443592,0.271145159526808,
-0.271145159526808, 0.9625384680443592,
0.4888888969197632,0.8723460588943914,
-0.8723460588943914, 0.4888888969197632,
0.7855068295640539,0.6188529879609763,
-0.6188529879609762, 0.785506829564054,
0.117842061508325, 0.9930323501978514,
-0.9930323501978514, 0.1178420615083251,
0.9844804553832209,0.1754942533772714,
-0.1754942533772713, 0.9844804553832209,
0.572039629324757, 0.8202259825694347,
-0.8202259825694346, 0.5720396293247573,
0.8423825996431858,0.5388799085310084,
-0.5388799085310083, 0.842382599643186,
0.2146088109937869,0.9767000861287118,
-0.9767000861287117, 0.214608810993787,
0.9313267090811804,0.3641847895670799,
-0.3641847895670797, 0.9313267090811805,
0.4010298971835758,0.9160649657993316,
-0.9160649657993317, 0.4010298971835756,
0.7210661993145081,0.6928661748174246,
-0.6928661748174247, 0.7210661993145081,
0.0199404285515146,0.9998011698878843,
-0.9998011698878843, 0.01994042855151444,
0.9998576410058239,0.01687298794728171,
-0.01687298794728165, 0.9998576410058239,
0.6950751139800009,0.7189371223728044,
-0.7189371223728044, 0.6950751139800009,
0.9172909970083779,0.3982175621533736,
-0.3982175621533735, 0.917290997008378,
0.3670403457197672,0.9302050228922191,
-0.9302050228922191, 0.3670403457197673,
0.9773539001452, 0.2116113273692276,
-0.2116113273692275, 0.9773539001452001,
0.5414617658531236,0.840725374970458,
-0.8407253749704581, 0.5414617658531233,
0.8219771152792416,0.5695205193469471,
-0.5695205193469473, 0.8219771152792414,
0.1785137709389976,0.9839374134492189,
-0.9839374134492189, 0.1785137709389974,
0.9933892111480807,0.1147949266065101,
-0.1147949266065101, 0.9933892111480807,
0.6212599765110877,0.7836045186096382,
-0.7836045186096382, 0.6212599765110876,
0.8738418434653669,0.4862102761244864,
-0.4862102761244864, 0.8738418434653668,
0.2740969098687063,0.9617020765291225,
-0.9617020765291225, 0.2740969098687064,
0.9519061368079323,0.3063897953708609,
-0.306389795370861, 0.9519061368079323,
0.4564489823968839,0.8897495863830729,
-0.8897495863830727, 0.4564489823968841,
0.762196298134579, 0.6473459686365121,
-0.6473459686365119, 0.762196298134579,
0.08121144680959239, 0.9966968952028961,
-0.9966968952028961, 0.08121144680959266,
0.9978253504111116,0.0659133527970038,
-0.0659133527970038, 0.9978253504111116,
0.6589612929820373,0.7521768504490427,
-0.7521768504490425, 0.6589612929820375,
0.8966464701786802,0.44274722756457,
-0.4427472275645698, 0.8966464701786803,
0.3209552324278752,0.9470943663527772,
-0.9470943663527771, 0.3209552324278755,
0.9657933588740837,0.2593129151328862,
-0.2593129151328862, 0.9657933588740837,
0.4995571125450818,0.866280954024513,
-0.866280954024513, 0.4995571125450819,
0.7930419604794436,0.6091670123364532,
-0.6091670123364532, 0.7930419604794436,
0.1300192227222333,0.9915114733187439,
-0.9915114733187439, 0.1300192227222334,
0.9865599102647754,0.1633999493829732,
-0.1633999493829731, 0.9865599102647755,
0.5820619903407755,0.8131444148492536,
-0.8131444148492535, 0.5820619903407757,
0.8489320552116396,0.5285020015422285,
-0.5285020015422284, 0.8489320552116397,
0.2265782638456101,0.9739929621679558,
-0.9739929621679558, 0.2265782638456102,
0.9357256894810804,0.3527285557552107,
-0.3527285557552106, 0.9357256894810804,
0.412241226669883, 0.9110747340551762,
-0.9110747340551764, 0.4122412266698828,
0.729514438146997, 0.6839654117973154,
-0.6839654117973155, 0.729514438146997,
0.0322080254083047,0.9994811869661669,
-0.9994811869661669, 0.03220802540830454,
0.9991424187248169,0.04140564097707674,
-0.04140564097707659, 0.9991424187248169,
0.6772221701371804,0.7357785891657135,
-0.7357785891657134, 0.6772221701371806,
0.9072419779152958,0.4206090744484025,
-0.4206090744484024, 0.9072419779152959,
0.344101425989939, 0.9389324835320645,
-0.9389324835320645, 0.344101425989939,
0.9718663374802794,0.2355330594049755,
-0.2355330594049753, 0.9718663374802794,
0.5206662541403673,0.8537603011381113,
-0.8537603011381114, 0.5206662541403672,
0.8077528179261904,0.5895213186410639,
-0.5895213186410639, 0.8077528179261904,
0.1543129730130202,0.9880220171432835,
-0.9880220171432835, 0.1543129730130201,
0.9902728123631691,0.1391393441638262,
-0.1391393441638262, 0.9902728123631691,
0.60184224705858, 0.7986149946347608,
-0.7986149946347608, 0.6018422470585801,
0.8616464611430813,0.5075089910529709,
-0.5075089910529708, 0.8616464611430814,
0.2504130065729653,0.9681391047463624,
-0.9681391047463623, 0.2504130065729653,
0.9441002584912727,0.3296584625285875,
-0.3296584625285874, 0.9441002584912727,
0.4344759605696557,0.9006834292286469,
-0.9006834292286467, 0.434475960569656,
0.7460800735100638,0.6658562336655097,
-0.6658562336655095, 0.746080073510064,
0.05672682116690778, 0.9983897374073402,
-0.9983897374073402, 0.05672682116690807,
0.9959072294174117,0.09038136087786498,
-0.09038136087786489, 0.9959072294174117,
0.6403034821841517,0.7681220285233653,
-0.7681220285233654, 0.6403034821841516,
0.8855108561362, 0.4646186863062378,
-0.4646186863062379, 0.8855108561361998,
0.2976157074350863,0.9546857549413383,
-0.9546857549413383, 0.2976157074350861,
0.9591386224618419,0.2829365704570554,
-0.2829365704570553, 0.959138622461842,
0.4781470564248431,0.8782797916565415,
-0.8782797916565415, 0.4781470564248432,
0.7778534042094531,0.6284457666018327,
-0.6284457666018326, 0.7778534042094531,
0.1056471537134107,0.9944036800576791,
-0.9944036800576791, 0.1056471537134108,
0.9822527413662894,0.1875621285825296,
-0.1875621285825296, 0.9822527413662894,
0.5619311212446895,0.8271840272736691,
-0.827184027273669, 0.5619311212446896,
0.8357062843537526,0.5491766621877197,
-0.5491766621877195, 0.8357062843537527,
0.2026070388444211,0.979260122649082,
-0.979260122649082, 0.2026070388444214,
0.9267874743045817,0.3755861784892172,
-0.3755861784892172, 0.9267874743045817,
0.3897581740698564,0.9209172415291894,
-0.9209172415291894, 0.3897581740698565,
0.7125093705646924,0.7016625947401685,
-0.7016625947401685, 0.7125093705646923,
0.007669828739531077, 0.9999705864309741,
-0.9999705864309741, 0.007669828739531138,
0.9999423496760239,0.01073765916726449,
-0.01073765916726445, 0.9999423496760239,
0.6994733446402838,0.7146586878627691,
-0.7146586878627689, 0.699473344640284,
0.9197171462912274,0.3925816740729515,
-0.3925816740729514, 0.9197171462912274,
0.3727410670095158,0.9279353948226179,
-0.9279353948226178, 0.3727410670095161,
0.9786339244294232,0.2056104130530992,
-0.2056104130530992, 0.9786339244294232,
0.5466101669108349,0.8373872016156619,
-0.8373872016156618, 0.546610166910835,
0.8254561540043776,0.5644662415205194,
-0.5644662415205194, 0.8254561540043776,
0.1845477369386196,0.9828235511987052,
-0.9828235511987052, 0.1845477369386197,
0.9940748793048794,0.1086974440131387,
-0.1086974440131386, 0.9940748793048795,
0.6260563884043435,0.7797777879230144,
-0.7797777879230143, 0.6260563884043436,
0.8768087238091457,0.480839330600334,
-0.4808393306003338, 0.8768087238091458,
0.2799926430802734,0.9600021457376658,
-0.9600021457376658, 0.2799926430802734,
0.9537681898859903,0.3005432414172735,
-0.3005432414172733, 0.9537681898859903,
0.4618997907024628,0.8869321187943421,
-0.8869321187943422, 0.4618997907024627,
0.7661539901963129,0.6426570339662269,
-0.6426570339662269, 0.7661539901963128,
0.08732553520619223, 0.9961798285956969,
-0.996179828595697, 0.08732553520619206,
0.9982110033604782,0.05978957074663987,
-0.05978957074663988, 0.9982110033604782,
0.6635641586120399,0.7481193804504035,
-0.7481193804504036, 0.6635641586120398,
0.8993462369793416,0.4372371736610441,
-0.4372371736610441, 0.8993462369793416,
0.3267604523201318,0.9451071932852606,
-0.9451071932852606, 0.3267604523201318,
0.9673662922223285,0.2533820369955702,
-0.2533820369955702, 0.9673662922223285,
0.5048631085312675,0.8631994217121242,
-0.863199421712124, 0.5048631085312677,
0.7967648102084188,0.604289530948156,
-0.6042895309481559, 0.7967648102084189,
0.1361005751757062,0.9906950254426646,
-0.9906950254426646, 0.1361005751757065,
0.9875439417943592,0.1573434556162382,
-0.1573434556162382, 0.9875439417943593,
0.5870403935209181,0.8095576424040513,
-0.8095576424040514, 0.5870403935209179,
0.8521589016239198,0.5232831034756564,
-0.5232831034756565, 0.8521589016239197,
0.2325503070387753,0.9725843689347322,
-0.9725843689347322, 0.2325503070387752,
0.9378723764399899,0.3469804108459237,
-0.3469804108459236, 0.9378723764399899,
0.4178237158202124,0.9085281187163061,
-0.9085281187163061, 0.4178237158202124,
0.7336974381146603,0.679476319899365,
-0.679476319899365, 0.7336974381146604,
0.03834012037355279, 0.9992647472865944,
-0.9992647472865944, 0.03834012037355285,
0.9993776703880028,0.03527423889821395,
-0.03527423889821382, 0.9993776703880028,
0.6817240741716498,0.7316093812238926,
-0.7316093812238926, 0.6817240741716497,
0.9098057081046522,0.4150344244760816,
-0.4150344244760815, 0.9098057081046523,
0.349856129790135, 0.9368034417359216,
-0.9368034417359217, 0.3498561297901349,
0.9732932460546982,0.2295653658205189,
-0.2295653658205188, 0.9732932460546982,
0.5258950274710847,0.8505494812656034,
-0.8505494812656034, 0.5258950274710849,
0.8113548470170637,0.5845539429530153,
-0.5845539429530152, 0.8113548470170638,
0.1603724572429284,0.987056571305751,
-0.987056571305751, 0.1603724572429285,
0.9911079137232769,0.1330605251571391,
-0.133060525157139, 0.9911079137232769,
0.6067311270345245,0.794907126328237,
-0.7949071263282368, 0.6067311270345247,
0.8647442575194624,0.5022124740457108,
-0.5022124740457106, 0.8647442575194625,
0.2563486824899429,0.9665843744783331,
-0.966584374478333, 0.2563486824899432,
0.9461052323704034,0.3238593665178529,
-0.3238593665178529, 0.9461052323704034,
0.4399942713096333,0.8980005797407399,
-0.8980005797407398, 0.4399942713096333,
0.7501516458062151,0.6612658378399923,
-0.6612658378399922, 0.7501516458062151,
0.06285175756416142, 0.9980228737714862,
-0.9980228737714862, 0.06285175756416149,
0.9964430513500426,0.08426888759332407,
-0.084268887593324, 0.9964430513500426,
0.645004536815544, 0.7641787405361167,
-0.7641787405361167, 0.645004536815544,
0.8883450333095964,0.4591765475219441,
-0.459176547521944, 0.8883450333095964,
0.3034679465720114,0.9528416476011987,
-0.9528416476011986, 0.3034679465720114,
0.9608566331076797,0.2770460803060999,
-0.2770460803060998, 0.9608566331076797,
0.4835270789329187,0.8753294031041108,
-0.8753294031041109, 0.4835270789329186,
0.7816948320710594,0.6236611175256945,
-0.6236611175256946, 0.7816948320710593,
0.1117467112111267,0.9937367219407246,
-0.9937367219407246, 0.1117467112111265,
0.9833851103215512,0.181531608261125,
-0.181531608261125, 0.9833851103215512,
0.5669960488251087,0.8237205112273913,
-0.8237205112273914, 0.5669960488251087,
0.8390602370703127,0.5440385267308838,
-0.5440385267308839, 0.8390602370703127,
0.2086118519782635,0.9779985149345571,
-0.9779985149345571, 0.2086118519782635,
0.9290745812593159,0.3698924471489341,
-0.3698924471489342, 0.9290745812593157,
0.3954014789478163,0.9185083943252123,
-0.9185083943252121, 0.3954014789478165,
0.7168012785210995,0.6972775108308865,
-0.6972775108308864, 0.7168012785210996,
0.01380538852806035, 0.9999047010828529,
-0.9999047010828528, 0.01380538852806063,
0.9997352882605617,0.02300768146883937,
-0.02300768146883929, 0.9997352882605617,
0.6906507141345346,0.7231884893065273,
-0.7231884893065275, 0.6906507141345346,
0.9148303122379462,0.4038384575676541,
-0.403838457567654, 0.9148303122379462,
0.3613258055684543,0.9324396292684624,
-0.9324396292684625, 0.3613258055684542,
0.976037079039039, 0.2176042746384836,
-0.2176042746384836, 0.9760370790390391,
0.5362929790659632,0.8440318954900664,
-0.8440318954900664, 0.5362929790659633,
0.8184671295802987,0.5745533550477158,
-0.5745533550477158, 0.8184671295802988,
0.172473083996796, 0.9850142310122398,
-0.9850142310122398, 0.1724730839967961,
0.992666142448948, 0.1208880872357771,
-0.1208880872357771, 0.992666142448948,
0.6164401745308536,0.7874017470290313,
-0.7874017470290312, 0.6164401745308538,
0.870842063470079, 0.4915629161065499,
-0.4915629161065497, 0.870842063470079,
0.2681908570634032,0.963365799780954,
-0.9633657997809539, 0.2681908570634034,
0.950008245001843, 0.3122248139218249,
-0.3122248139218249, 0.950008245001843,
0.4509809890451038,0.8925335554027647,
-0.8925335554027646, 0.4509809890451039,
0.7582099098130153,0.6520105310969595,
-0.6520105310969595, 0.7582099098130153,
0.07509430084792129, 0.9971764367353262,
-0.9971764367353261, 0.07509430084792135,
0.9974021299012753,0.07203465324688933,
-0.07203465324688929, 0.9974021299012753,
0.6543336178318006,0.7562060014143945,
-0.7562060014143945, 0.6543336178318006,
0.8939129451452033,0.4482406122852199,
-0.4482406122852199, 0.8939129451452033,
0.3151379287525224,0.9490458818527006,
-0.9490458818527006, 0.3151379287525225,
0.9641840639517458,0.2652340302855118,
-0.2652340302855118, 0.9641840639517458,
0.4942323085159597,0.8693298713486067,
-0.8693298713486066, 0.49423230851596,
0.7892892531688857,0.6140215589310385,
-0.6140215589310382, 0.7892892531688859,
0.1239329751185122,0.9922905913482574,
-0.9922905913482573, 0.1239329751185125,
0.9855387353121761,0.169450291233968,
-0.1694502912339678, 0.9855387353121761,
0.5770616728556796,0.8167005728668278,
-0.8167005728668278, 0.5770616728556794,
0.8456732469872991,0.533701001807153,
-0.533701001807153, 0.8456732469872991,
0.2205976901088736,0.9753648851166569,
-0.975364885116657, 0.2205976901088735,
0.9335437729788362,0.3584634206337365,
-0.3584634206337364, 0.9335437729788363,
0.4066432168703691,0.9135870479452508,
-0.9135870479452507, 0.4066432168703692,
0.7253039723730608,0.6884287527840904,
-0.6884287527840903, 0.7253039723730609,
0.02607471782910404, 0.9996599967439592,
-0.9996599967439592, 0.0260747178291041,
0.9988695499142836,0.0475354841569593,
-0.04753548415695914, 0.9988695499142836,
0.672694769070773, 0.7399200954595161,
-0.7399200954595162, 0.6726947690707729,
0.9046440905782462,0.4261678887267996,
-0.4261678887267997, 0.9046440905782461,
0.3383337669655413,0.9410261750508893,
-0.9410261750508893, 0.3383337669655412,
0.9704028386875555,0.2414918853028693,
-0.2414918853028692, 0.9704028386875555,
0.5154178780194631,0.8569389774178287,
-0.8569389774178287, 0.5154178780194631,
0.8041203773982657,0.5944664991846644,
-0.5944664991846643, 0.8041203773982658,
0.1482476789868962,0.988950264510303,
-0.988950264510303, 0.1482476789868963,
0.9894004277913804,0.1452129246528475,
-0.1452129246528474, 0.9894004277913804,
0.5969307080621965,0.8022927955381157,
-0.8022927955381155, 0.5969307080621967,
0.8585162242644427,0.512786400633563,
-0.5127864006335627, 0.858516224264443,
0.2444679027478242,0.9696573851242924,
-0.9696573851242923, 0.2444679027478245,
0.9420597397710173,0.3354451470845316,
-0.3354451470845315, 0.9420597397710174,
0.4289412920553295,0.9033323684945118,
-0.9033323684945118, 0.4289412920553296,
0.7419804117208311,0.6704215603801731,
-0.6704215603801731, 0.7419804117208311,
0.05059974903689934, 0.9987190122338729,
-0.9987190122338729, 0.05059974903689939,
0.9953339121404823,0.09649043135525259,
-0.09649043135525248, 0.9953339121404823,
0.6355783204885562,0.7720363971503844,
-0.7720363971503844, 0.6355783204885562,
0.8826433399795628,0.4700433324595956,
-0.4700433324595955, 0.8826433399795628,
0.2917522632349894,0.956493918902395,
-0.956493918902395, 0.2917522632349894,
0.9573845007889759,0.2888164082060495,
-0.2888164082060494, 0.957384500788976,
0.4727490319503429,0.881197113471222,
-0.8811971134712221, 0.4727490319503427,
0.7739826906068229,0.6332067550500572,
-0.6332067550500573, 0.7739826906068228,
0.09954361866006944, 0.9950331994381186,
-0.9950331994381186, 0.09954361866006928,
0.9810833911504867,0.1935855872958036,
-0.1935855872958036, 0.9810833911504867,
0.5568450372751601,0.8306164003088462,
-0.8306164003088462, 0.5568450372751601,
0.8323208677679297,0.55429412145362,
-0.5542941214536201, 0.8323208677679297,
0.1965945976700802,0.9804848617734694,
-0.9804848617734694, 0.1965945976700803,
0.9244654743252626,0.3812657692221624,
-0.3812657692221624, 0.9244654743252626,
0.384100195016935, 0.9232914167195276,
-0.9232914167195275, 0.3841001950169353,
0.7081906370331954,0.7060212614493397,
-0.7060212614493396, 0.7081906370331955,
0.001533980186284766, 0.9999988234517019,
-0.9999988234517019, 0.001533980186285049